15000500 34200 0 B00010000500
15000025 34200 0 B00010000025
15000589 34200 0 B00010000589
15000964 34200 0 B00010000964
15000285 34200 0 B00010000285
15000368 34200 0 B00010000368
15000191 34200 0 B00010000191
15000322 34200 0 B00010000322
15000024 34200 0 B00010000024
15000596 34200 0 B00010000596
15000746 34200 0 B00010000746
15000384 34200 0 B00010000384
15000734 34200 0 B00010000734
15000950 34200 0 B00010000950
15000668 34200 0 B00010000668
15000133 34200 0 B00010000133
15000922 34200 0 B00010000922
15000801 34200 0 B00010000801
15000826 34200 0 B00010000826
15000230 34200 0 B00010000230
15000427 34200 0 B00010000427
15000912 34200 0 B00010000912
15000621 34200 0 B00010000621
15000013 34200 0 B00010000013
15000221 34200 0 B00010000221
15000149 34200 0 B00010000149
15000654 34200 0 B00010000654
15000469 34200 0 B00010000469
15000156 34200 0 B00010000156
15000477 34200 0 B00010000477
15000453 34200 0 B00010000453
15000897 34200 0 B00010000897
15000797 34200 0 B00010000797
15000118 34200 0 B00010000118
15000528 34200 0 B00010000528
15000286 34200 0 B00010000286
15000761 34200 0 B00010000761
15000059 34200 0 B00010000059
15000140 34200 0 B00010000140
15000495 34200 0 B00010000495
15000241 34200 0 B00010000241
15000550 34200 0 B00010000550
15000067 34200 0 B00010000067
15000102 34200 0 B00010000102
15000526 34200 0 B00010000526
15000686 34200 0 B00010000686
15000976 34200 0 B00010000976
15000898 34200 0 B00010000898
15000624 34200 0 B00010000624
15000987 34200 0 B00010000987
15000440 34200 0 B00010000440
15000704 34200 0 B00010000704
15000162 34200 0 B00010000162
15000959 34200 0 B00010000959
15000721 34200 0 B00010000721
15000827 34200 0 B00010000827
15000751 34200 0 B00010000751
15000805 34200 0 B00010000805
15000616 34200 0 B00010000616
15000997 34200 0 B00010000997
15000511 34200 0 B00010000511
15000798 34200 0 B00010000798
15000515 34200 0 B00010000515
15000646 34200 0 B00010000646
15000219 34200 0 B00010000219
15000466 34200 0 B00010000466
15000862 34200 0 B00010000862
15000517 34200 0 B00010000517
15000772 34200 0 B00010000772
15000082 34200 0 B00010000082
15000217 34200 0 B00010000217
15000823 34200 0 B00010000823
15000306 34200 0 B00010000306
15000205 34200 0 B00010000205
15000194 34200 0 B00010000194
15000925 34200 0 B00010000925
15000066 34200 0 B00010000066
15000127 34200 0 B00010000127
15000474 34200 0 B00010000474
15000644 34200 0 B00010000644
15000254 34200 0 B00010000254
15000676 34200 0 B00010000676
15000122 34200 0 B00010000122
15000684 34200 0 B00010000684
15000303 34200 0 B00010000303
15000193 34200 0 B00010000193
15000259 34200 0 B00010000259
15000430 34200 0 B00010000430
15000279 34200 0 B00010000279
15000283 34200 0 B00010000283
15000405 34200 0 B00010000405
15000828 34200 0 B00010000828
15000281 34200 0 B00010000281
15000893 34200 0 B00010000893
15000382 34200 0 B00010000382
15000447 34200 0 B00010000447
15000981 34200 0 B00010000981
15000247 34200 0 B00010000247
15000753 34200 0 B00010000753
15000076 34200 0 B00010000076
15000655 34200 0 B00010000655
15000905 34200 0 B00010000905
15000157 34200 0 B00010000157
15000613 34200 0 B00010000613
15000288 34200 0 B00010000288
15000553 34200 0 B00010000553
15000979 34200 0 B00010000979
15000425 34200 0 B00010000425
15000292 34200 0 B00010000292
15000626 34200 0 B00010000626
15000915 34200 0 B00010000915
15000757 34200 0 B00010000757
15000277 34200 0 B00010000277
15000764 34200 0 B00010000764
15000078 34200 0 B00010000078
15000180 34200 0 B00010000180
15000482 34200 0 B00010000482
15000645 34200 0 B00010000645
15000085 34200 0 B00010000085
15000312 34200 0 B00010000312
15000450 34200 0 B00010000450
15000308 34200 0 B00010000308
15000199 34200 0 B00010000199
15000226 34200 0 B00010000226
15000138 34200 0 B00010000138
15000433 34200 0 B00010000433
15000298 34200 0 B00010000298
15000501 34200 0 B00010000501
15000593 34200 0 B00010000593
15000049 34200 0 B00010000049
15000819 34200 0 B00010000819
15000765 34200 0 B00010000765
15000848 34200 0 B00010000848
15000741 34200 0 B00010000741
15000333 34200 0 B00010000333
15000993 34200 0 B00010000993
15000863 34200 0 B00010000863
15000353 34200 0 B00010000353
15000380 34200 0 B00010000380
15000651 34200 0 B00010000651
15000490 34200 0 B00010000490
15000321 34200 0 B00010000321
15000197 34200 0 B00010000197
15000804 34200 0 B00010000804
15000454 34200 0 B00010000454
15000088 34200 0 B00010000088
15000391 34200 0 B00010000391
15000591 34200 0 B00010000591
15000547 34200 0 B00010000547
15000799 34200 0 B00010000799
15000257 34200 0 B00010000257
15000669 34200 0 B00010000669
15000390 34200 0 B00010000390
15000362 34200 0 B00010000362
15000983 34200 0 B00010000983
15000537 34200 0 B00010000537
15000018 34200 0 B00010000018
15000099 34200 0 B00010000099
15000919 34200 0 B00010000919
15000523 34200 0 B00010000523
15000345 34200 0 B00010000345
15000943 34200 0 B00010000943
15000214 34200 0 B00010000214
15000887 34200 0 B00010000887
15000397 34200 0 B00010000397
15000879 34200 0 B00010000879
15000809 34200 0 B00010000809
15000755 34200 0 B00010000755
15000544 34200 0 B00010000544
15000295 34200 0 B00010000295
15000213 34200 0 B00010000213
15000886 34200 0 B00010000886
15000857 34200 0 B00010000857
15000245 34200 0 B00010000245
15000816 34200 0 B00010000816
15000068 34200 0 B00010000068
15000494 34200 0 B00010000494
15000531 34200 0 B00010000531
15000996 34200 0 B00010000996
15000845 34200 0 B00010000845
15000931 34200 0 B00010000931
15000326 34200 0 B00010000326
15000722 34200 0 B00010000722
15000222 34200 0 B00010000222
15000316 34200 0 B00010000316
15000572 34200 0 B00010000572
15000539 34200 0 B00010000539
15000867 34200 0 B00010000867
15000525 34200 0 B00010000525
15000900 34200 0 B00010000900
15000901 34200 0 B00010000901
15000375 34200 0 B00010000375
15000902 34200 0 B00010000902
15000904 34200 0 B00010000904
15000370 34200 0 B00010000370
15000557 34200 0 B00010000557
15000420 34200 0 B00010000420
15000186 34200 0 B00010000186
15000881 34200 0 B00010000881
15000237 34200 0 B00010000237
15000050 34200 0 B00010000050
15000443 34200 0 B00010000443
15000660 34200 0 B00010000660
15000029 34200 0 B00010000029
15000467 34200 0 B00010000467
15000535 34200 0 B00010000535
15000486 34200 0 B00010000486
15000567 34200 0 B00010000567
15000649 34200 0 B00010000649
15000147 34200 0 B00010000147
15000457 34200 0 B00010000457
15000198 34200 0 B00010000198
15000795 34200 0 B00010000795
15000080 34200 0 B00010000080
15000208 34200 0 B00010000208
15000740 34200 0 B00010000740
15000803 34200 0 B00010000803
15000963 34200 0 B00010000963
15000541 34200 0 B00010000541
15000597 34200 0 B00010000597
15000385 34200 0 B00010000385
15000311 34200 0 B00010000311
15000911 34200 0 B00010000911
15000940 34200 0 B00010000940
15000908 34200 0 B00010000908
15000611 34200 0 B00010000611
15000540 34200 0 B00010000540
15000783 34200 0 B00010000783
15000269 34200 0 B00010000269
15000456 34200 0 B00010000456
15000289 34200 0 B00010000289
15000766 34200 0 B00010000766
15000190 34200 0 B00010000190
15000058 34200 0 B00010000058
15000729 34200 0 B00010000729
15000236 34200 0 B00010000236
15000006 34200 0 B00010000006
15000840 34200 0 B00010000840
15000599 34200 0 B00010000599
15000935 34200 0 B00010000935
15000177 34200 0 B00010000177
15000558 34200 0 B00010000558
15000108 34200 0 B00010000108
15000731 34200 0 B00010000731
15000775 34200 0 B00010000775
15000299 34200 0 B00010000299
15000114 34200 0 B00010000114
15000822 34200 0 B00010000822
15000472 34200 0 B00010000472
15000806 34200 0 B00010000806
15000404 34200 0 B00010000404
15000705 34200 0 B00010000705
15000712 34200 0 B00010000712
15000585 34200 0 B00010000585
15000297 34200 0 B00010000297
15000942 34200 0 B00010000942
15000119 34200 0 B00010000119
15000301 34200 0 B00010000301
15000331 34200 0 B00010000331
15000906 34200 0 B00010000906
15000972 34200 0 B00010000972
15000342 34200 0 B00010000342
15000048 34200 0 B00010000048
15000238 34200 0 B00010000238
15000032 34200 0 B00010000032
15000207 34200 0 B00010000207
15000273 34200 0 B00010000273
15000877 34200 0 B00010000877
15000069 34200 0 B00010000069
15000403 34200 0 B00010000403
15000538 34200 0 B00010000538
15000933 34200 0 B00010000933
15000352 34200 0 B00010000352
15000994 34200 0 B00010000994
15000218 34200 0 B00010000218
15000773 34200 0 B00010000773
15000824 34200 0 B00010000824
15000112 34200 0 B00010000112
15000913 34200 0 B00010000913
15000718 34200 0 B00010000718
15000300 34200 0 B00010000300
15000716 34200 0 B00010000716
15000512 34200 0 B00010000512
15000250 34200 0 B00010000250
15000574 34200 0 B00010000574
15000949 34200 0 B00010000949
15000967 34200 0 B00010000967
15000137 34200 0 B00010000137
15000575 34200 0 B00010000575
15000604 34200 0 B00010000604
15000152 34200 0 B00010000152
15000468 34200 0 B00010000468
15000920 34200 0 B00010000920
15000610 34200 0 B00010000610
15000555 34200 0 B00010000555
15000504 34200 0 B00010000504
15000280 34200 0 B00010000280
15000215 34200 0 B00010000215
15000243 34200 0 B00010000243
15000116 34200 0 B00010000116
15000008 34200 0 B00010000008
15000174 34200 0 B00010000174
15000120 34200 0 B00010000120
15000423 34200 0 B00010000423
15000396 34200 0 B00010000396
15000895 34200 0 B00010000895
15000442 34200 0 B00010000442
15000446 34200 0 B00010000446
15000813 34200 0 B00010000813
15000678 34200 0 B00010000678
15000866 34200 0 B00010000866
15000132 34200 0 B00010000132
15000002 34200 0 B00010000002
15000480 34200 0 B00010000480
15000842 34200 0 B00010000842
15000344 34200 0 B00010000344
15000835 34200 0 B00010000835
15000777 34200 0 B00010000777
15000508 34200 0 B00010000508
15000733 34200 0 B00010000733
15000361 34200 0 B00010000361
15000647 34200 0 B00010000647
15000364 34200 0 B00010000364
15000150 34200 0 B00010000150
15000756 34200 0 B00010000756
15000562 34200 0 B00010000562
15000742 34200 0 B00010000742
15000016 34200 0 B00010000016
15000360 34200 0 B00010000360
15000419 34200 0 B00010000419
15000754 34200 0 B00010000754
15000077 34200 0 B00010000077
15000592 34200 0 B00010000592
15000571 34200 0 B00010000571
15000401 34200 0 B00010000401
15000196 34200 0 B00010000196
15000181 34200 0 B00010000181
15000899 34200 0 B00010000899
15000841 34200 0 B00010000841
15000719 34200 0 B00010000719
15000386 34200 0 B00010000386
15000703 34200 0 B00010000703
15000136 34200 0 B00010000136
15000224 34200 0 B00010000224
15000330 34200 0 B00010000330
15000126 34200 0 B00010000126
15000875 34200 0 B00010000875
15000641 34200 0 B00010000641
15000576 34200 0 B00010000576
15000865 34200 0 B00010000865
15000348 34200 0 B00010000348
15000498 34200 0 B00010000498
15000563 34200 0 B00010000563
15000227 34200 0 B00010000227
15000542 34200 0 B00010000542
15000141 34200 0 B00010000141
15000928 34200 0 B00010000928
15000379 34200 0 B00010000379
15000559 34200 0 B00010000559
15000411 34200 0 B00010000411
15000582 34200 0 B00010000582
15000488 34200 0 B00010000488
15000752 34200 0 B00010000752
15000917 34200 0 B00010000917
15000986 34200 0 B00010000986
15000973 34200 0 B00010000973
15000549 34200 0 B00010000549
15000554 34200 0 B00010000554
15000690 34200 0 B00010000690
15000435 34200 0 B00010000435
15000907 34200 0 B00010000907
15000821 34200 0 B00010000821
15000595 34200 0 B00010000595
15000786 34200 0 B00010000786
15000290 34200 0 B00010000290
15000745 34200 0 B00010000745
15000880 34200 0 B00010000880
15000962 34200 0 B00010000962
15000503 34200 0 B00010000503
15000868 34200 0 B00010000868
15000113 34200 0 B00010000113
15000497 34200 0 B00010000497
15000909 34200 0 B00010000909
15000061 34200 0 B00010000061
15000634 34200 0 B00010000634
15000004 34200 0 B00010000004
15000630 34200 0 B00010000630
15000377 34200 0 B00010000377
15000402 34200 0 B00010000402
15000530 34200 0 B00010000530
15000264 34200 0 B00010000264
15000091 34200 0 B00010000091
15000927 34200 0 B00010000927
15000357 34200 0 B00010000357
15000276 34200 0 B00010000276
15000637 34200 0 B00010000637
15000203 34200 0 B00010000203
15000771 34200 0 B00010000771
15000351 34200 0 B00010000351
15000019 34200 0 B00010000019
15000410 34200 0 B00010000410
15000735 34200 0 B00010000735
15000711 34200 0 B00010000711
15000825 34200 0 B00010000825
15000832 34200 0 B00010000832
15000744 34200 0 B00010000744
15000178 34200 0 B00010000178
15000516 34200 0 B00010000516
15000581 34200 0 B00010000581
15000545 34200 0 B00010000545
15000788 34200 0 B00010000788
15000036 34200 0 B00010000036
15000167 34200 0 B00010000167
15000672 34200 0 B00010000672
15000332 34200 0 B00010000332
15000426 34200 0 B00010000426
15000414 34200 0 B00010000414
15000017 34200 0 B00010000017
15000130 34200 0 B00010000130
15000417 34200 0 B00010000417
15000739 34200 0 B00010000739
15000398 34200 0 B00010000398
15000743 34200 0 B00010000743
15000320 34200 0 B00010000320
15000106 34200 0 B00010000106
15000278 34200 0 B00010000278
15000431 34200 0 B00010000431
15000272 34200 0 B00010000272
15000092 34200 0 B00010000092
15000699 34200 0 B00010000699
15000192 34200 0 B00010000192
15000434 34200 0 B00010000434
15000307 34200 0 B00010000307
15000158 34200 0 B00010000158
15000675 34200 0 B00010000675
15000725 34200 0 B00010000725
15000151 34200 0 B00010000151
15000128 34200 0 B00010000128
15000607 34200 0 B00010000607
15000551 34200 0 B00010000551
15000337 34200 0 B00010000337
15000046 34200 0 B00010000046
15000473 34200 0 B00010000473
15000657 34200 0 B00010000657
15000947 34200 0 B00010000947
15000622 34200 0 B00010000622
15000169 34200 0 B00010000169
15000376 34200 0 B00010000376
15000263 34200 0 B00010000263
15000256 34200 0 B00010000256
15000948 34200 0 B00010000948
15000223 34200 0 B00010000223
15000767 34200 0 B00010000767
15000107 34200 0 B00010000107
15000834 34200 0 B00010000834
15000664 34200 0 B00010000664
15000101 34200 0 B00010000101
15000011 34200 0 B00010000011
15000115 34200 0 B00010000115
15000040 34200 0 B00010000040
15000665 34200 0 B00010000665
15000505 34200 0 B00010000505
15000033 34200 0 B00010000033
15000818 34200 0 B00010000818
15000738 34200 0 B00010000738
15000051 34200 0 B00010000051
15000252 34200 0 B00010000252
15000851 34200 0 B00010000851
15000084 34200 0 B00010000084
15000513 34200 0 B00010000513
15000598 34200 0 B00010000598
15000980 34200 0 B00010000980
15000161 34200 0 B00010000161
15000968 34200 0 B00010000968
15000210 34200 0 B00010000210
15000808 34200 0 B00010000808
15000587 34200 0 B00010000587
15000656 34200 0 B00010000656
15000166 34200 0 B00010000166
15000160 34200 0 B00010000160
15000838 34200 0 B00010000838
15000787 34200 0 B00010000787
15000296 34200 0 B00010000296
15000105 34200 0 B00010000105
15000663 34200 0 B00010000663
15000225 34200 0 B00010000225
15000859 34200 0 B00010000859
15000770 34200 0 B00010000770
15000212 34200 0 B00010000212
15000202 34200 0 B00010000202
15000356 34200 0 B00010000356
15000341 34200 0 B00010000341
15000294 34200 0 B00010000294
15000727 34200 0 B00010000727
15000460 34200 0 B00010000460
15000789 34200 0 B00010000789
15000070 34200 0 B00010000070
15000274 34200 0 B00010000274
15000978 34200 0 B00010000978
15000625 34200 0 B00010000625
15000378 34200 0 B00010000378
15000685 34200 0 B00010000685
15000781 34200 0 B00010000781
15000792 34200 0 B00010000792
15000407 34200 0 B00010000407
15000081 34200 0 B00010000081
15000313 34200 0 B00010000313
15000325 34200 0 B00010000325
15000249 34200 0 B00010000249
15000858 34200 0 B00010000858
15000839 34200 0 B00010000839
15000870 34200 0 B00010000870
15000778 34200 0 B00010000778
15000605 34200 0 B00010000605
15000652 34200 0 B00010000652
15000168 34200 0 B00010000168
15000560 34200 0 B00010000560
15000524 34200 0 B00010000524
15000952 34200 0 B00010000952
15000079 34200 0 B00010000079
15000785 34200 0 B00010000785
15000847 34200 0 B00010000847
15000039 34200 0 B00010000039
15000441 34200 0 B00010000441
15000564 34200 0 B00010000564
15000094 34200 0 B00010000094
15000253 34200 0 B00010000253
15000275 34200 0 B00010000275
15000658 34200 0 B00010000658
15000954 34200 0 B00010000954
15000924 34200 0 B00010000924
15000677 34200 0 B00010000677
15000697 34200 0 B00010000697
15000100 34200 0 B00010000100
15000187 34200 0 B00010000187
15000627 34200 0 B00010000627
15000579 34200 0 B00010000579
15000891 34200 0 B00010000891
15000860 34200 0 B00010000860
15000696 34200 0 B00010000696
15000708 34200 0 B00010000708
15000941 34200 0 B00010000941
15000465 34200 0 B00010000465
15000702 34200 0 B00010000702
15000945 34200 0 B00010000945
15000007 34200 0 B00010000007
15000095 34200 0 B00010000095
15000145 34200 0 B00010000145
15000406 34200 0 B00010000406
15000499 34200 0 B00010000499
15000653 34200 0 B00010000653
15000815 34200 0 B00010000815
15000479 34200 0 B00010000479
15000409 34200 0 B00010000409
15000037 34200 0 B00010000037
15000282 34200 0 B00010000282
15000623 34200 0 B00010000623
15000791 34200 0 B00010000791
15000041 34200 0 B00010000041
15000618 34200 0 B00010000618
15000265 34200 0 B00010000265
15000083 34200 0 B00010000083
15000340 34200 0 B00010000340
15000165 34200 0 B00010000165
15000262 34200 0 B00010000262
15000930 34200 0 B00010000930
15000155 34200 0 B00010000155
15000054 34200 0 B00010000054
15000830 34200 0 B00010000830
15000229 34200 0 B00010000229
15000350 34200 0 B00010000350
15000674 34200 0 B00010000674
15000874 34200 0 B00010000874
15000244 34200 0 B00010000244
15000485 34200 0 B00010000485
15000534 34200 0 B00010000534
15000022 34200 0 B00010000022
15000529 34200 0 B00010000529
15000864 34200 0 B00010000864
15000700 34200 0 B00010000700
15000239 34200 0 B00010000239
15000491 34200 0 B00010000491
15000679 34200 0 B00010000679
15000335 34200 0 B00010000335
15000349 34200 0 B00010000349
15000509 34200 0 B00010000509
15000394 34200 0 B00010000394
15000522 34200 0 B00010000522
15000760 34200 0 B00010000760
15000071 34200 0 B00010000071
15000831 34200 0 B00010000831
15000681 34200 0 B00010000681
15000293 34200 0 B00010000293
15000910 34200 0 B00010000910
15000533 34200 0 B00010000533
15000135 34200 0 B00010000135
15000991 34200 0 B00010000991
15000639 34200 0 B00010000639
15000020 34200 0 B00010000020
15000125 34200 0 B00010000125
15000514 34200 0 B00010000514
15000171 34200 0 B00010000171
15000717 34200 0 B00010000717
15000463 34200 0 B00010000463
15000317 34200 0 B00010000317
15000688 34200 0 B00010000688
15000373 34200 0 B00010000373
15000484 34200 0 B00010000484
15000261 34200 0 B00010000261
15000073 34200 0 B00010000073
15000146 34200 0 B00010000146
15000124 34200 0 B00010000124
15000367 34200 0 B00010000367
15000617 34200 0 B00010000617
15000143 34200 0 B00010000143
15000231 34200 0 B00010000231
15000670 34200 0 B00010000670
15000027 34200 0 B00010000027
15000184 34200 0 B00010000184
15000977 34200 0 B00010000977
15000096 34200 0 B00010000096
15000609 34200 0 B00010000609
15000619 34200 0 B00010000619
15000543 34200 0 B00010000543
15000602 34200 0 B00010000602
15000090 34200 0 B00010000090
15000929 34200 0 B00010000929
15000694 34200 0 B00010000694
15000185 34200 0 B00010000185
15000502 34200 0 B00010000502
15000366 34200 0 B00010000366
15000009 34200 0 B00010000009
15000339 34200 0 B00010000339
15000793 34200 0 B00010000793
15000451 34200 0 B00010000451
15000896 34200 0 B00010000896
15000305 34200 0 B00010000305
15000163 34200 0 B00010000163
15000811 34200 0 B00010000811
15000569 34200 0 B00010000569
15000338 34200 0 B00010000338
15000692 34200 0 B00010000692
15000010 34200 0 B00010000010
15000371 34200 0 B00010000371
15000820 34200 0 B00010000820
15000232 34200 0 B00010000232
15000304 34200 0 B00010000304
15000921 34200 0 B00010000921
15000974 34200 0 B00010000974
15000365 34200 0 B00010000365
15000343 34200 0 B00010000343
15000478 34200 0 B00010000478
15000883 34200 0 B00010000883
15000969 34200 0 B00010000969
15000936 34200 0 B00010000936
15000763 34200 0 B00010000763
15000556 34200 0 B00010000556
15000393 34200 0 B00010000393
15000201 34200 0 B00010000201
15000416 34200 0 B00010000416
15000240 34200 0 B00010000240
15000408 34200 0 B00010000408
15000045 34200 0 B00010000045
15000429 34200 0 B00010000429
15000336 34200 0 B00010000336
15000568 34200 0 B00010000568
15000720 34200 0 B00010000720
15000958 34200 0 B00010000958
15000346 34200 0 B00010000346
15000762 34200 0 B00010000762
15000255 34200 0 B00010000255
15000418 34200 0 B00010000418
15000097 34200 0 B00010000097
15000706 34200 0 B00010000706
15000932 34200 0 B00010000932
15000315 34200 0 B00010000315
15000487 34200 0 B00010000487
15000715 34200 0 B00010000715
15000129 34200 0 B00010000129
15000988 34200 0 B00010000988
15000035 34200 0 B00010000035
15000673 34200 0 B00010000673
15000871 34200 0 B00010000871
15000606 34200 0 B00010000606
15000388 34200 0 B00010000388
15000251 34200 0 B00010000251
15000436 34200 0 B00010000436
15000428 34200 0 B00010000428
15000228 34200 0 B00010000228
15000960 34200 0 B00010000960
15000445 34200 0 B00010000445
15000790 34200 0 B00010000790
15000103 34200 0 B00010000103
15000661 34200 0 B00010000661
15000432 34200 0 B00010000432
15000437 34200 0 B00010000437
15000714 34200 0 B00010000714
15000028 34200 0 B00010000028
15000779 34200 0 B00010000779
15000846 34200 0 B00010000846
15000302 34200 0 B00010000302
15000459 34200 0 B00010000459
15000387 34200 0 B00010000387
15000170 34200 0 B00010000170
15000638 34200 0 B00010000638
15000737 34200 0 B00010000737
15000680 34200 0 B00010000680
15000884 34200 0 B00010000884
15000209 34200 0 B00010000209
15000601 34200 0 B00010000601
15000148 34200 0 B00010000148
15000172 34200 0 B00010000172
15000600 34200 0 B00010000600
15000951 34200 0 B00010000951
15000284 34200 0 B00010000284
15000462 34200 0 B00010000462
15000475 34200 0 B00010000475
15000063 34200 0 B00010000063
15000452 34200 0 B00010000452
15000324 34200 0 B00010000324
15000780 34200 0 B00010000780
15000287 34200 0 B00010000287
15000774 34200 0 B00010000774
15000065 34200 0 B00010000065
15000800 34200 0 B00010000800
15000334 34200 0 B00010000334
15000648 34200 0 B00010000648
15000053 34200 0 B00010000053
15000850 34200 0 B00010000850
15000206 34200 0 B00010000206
15000134 34200 0 B00010000134
15000389 34200 0 B00010000389
15000776 34200 0 B00010000776
15000327 34200 0 B00010000327
15000548 34200 0 B00010000548
15000510 34200 0 B00010000510
15000323 34200 0 B00010000323
15000381 34200 0 B00010000381
15000956 34200 0 B00010000956
15000153 34200 0 B00010000153
15000923 34200 0 B00010000923
15000354 34200 0 B00010000354
15000916 34200 0 B00010000916
15000566 34200 0 B00010000566
15000723 34200 0 B00010000723
15000856 34200 0 B00010000856
15000970 34200 0 B00010000970
15000374 34200 0 B00010000374
15000042 34200 0 B00010000042
15000829 34200 0 B00010000829
15000493 34200 0 B00010000493
15000142 34200 0 B00010000142
15000220 34200 0 B00010000220
15000713 34200 0 B00010000713
15000044 34200 0 B00010000044
15000885 34200 0 B00010000885
15000990 34200 0 B00010000990
15000052 34200 0 B00010000052
15000154 34200 0 B00010000154
15000123 34200 0 B00010000123
15000413 34200 0 B00010000413
15000182 34200 0 B00010000182
15000707 34200 0 B00010000707
15000489 34200 0 B00010000489
15000536 34200 0 B00010000536
15000179 34200 0 B00010000179
15000998 34200 0 B00010000998
15000329 34200 0 B00010000329
15000507 34200 0 B00010000507
15000000 34200 0 B00010000000
15000784 34200 0 B00010000784
15000496 34200 0 B00010000496
15000139 34200 0 B00010000139
15000578 34200 0 B00010000578
15000464 34200 0 B00010000464
15000861 34200 0 B00010000861
15000631 34200 0 B00010000631
15000683 34200 0 B00010000683
15000012 34200 0 B00010000012
15000005 34200 0 B00010000005
15000894 34200 0 B00010000894
15000043 34200 0 B00010000043
15000034 34200 0 B00010000034
15000565 34200 0 B00010000565
15000975 34200 0 B00010000975
15000476 34200 0 B00010000476
15000014 34200 0 B00010000014
15000461 34200 0 B00010000461
15000748 34200 0 B00010000748
15000023 34200 0 B00010000023
15000961 34200 0 B00010000961
15000104 34200 0 B00010000104
15000173 34200 0 B00010000173
15000546 34200 0 B00010000546
15000724 34200 0 B00010000724
15000796 34200 0 B00010000796
15000399 34200 0 B00010000399
15000728 34200 0 B00010000728
15000938 34200 0 B00010000938
15000844 34200 0 B00010000844
15000603 34200 0 B00010000603
15000817 34200 0 B00010000817
15000258 34200 0 B00010000258
15000876 34200 0 B00010000876
15000892 34200 0 B00010000892
15000310 34200 0 B00010000310
15000358 34200 0 B00010000358
15000620 34200 0 B00010000620
15000769 34200 0 B00010000769
15000098 34200 0 B00010000098
15000030 34200 0 B00010000030
15000629 34200 0 B00010000629
15000110 34200 0 B00010000110
15000421 34200 0 B00010000421
15000001 34200 0 B00010000001
15000872 34200 0 B00010000872
15000854 34200 0 B00010000854
15000944 34200 0 B00010000944
15000200 34200 0 B00010000200
15000383 34200 0 B00010000383
15000439 34200 0 B00010000439
15000400 34200 0 B00010000400
15000518 34200 0 B00010000518
15000836 34200 0 B00010000836
15000807 34200 0 B00010000807
15000570 34200 0 B00010000570
15000291 34200 0 B00010000291
15000869 34200 0 B00010000869
15000802 34200 0 B00010000802
15000758 34200 0 B00010000758
15000021 34200 0 B00010000021
15000693 34200 0 B00010000693
15000074 34200 0 B00010000074
15000965 34200 0 B00010000965
15000873 34200 0 B00010000873
15000667 34200 0 B00010000667
15000242 34200 0 B00010000242
15000109 34200 0 B00010000109
15000266 34200 0 B00010000266
15000520 34200 0 B00010000520
15000062 34200 0 B00010000062
15000471 34200 0 B00010000471
15000608 34200 0 B00010000608
15000216 34200 0 B00010000216
15000056 34200 0 B00010000056
15000175 34200 0 B00010000175
15000691 34200 0 B00010000691
15000889 34200 0 B00010000889
15000782 34200 0 B00010000782
15000260 34200 0 B00010000260
15000750 34200 0 B00010000750
15000521 34200 0 B00010000521
15000347 34200 0 B00010000347
15000270 34200 0 B00010000270
15000561 34200 0 B00010000561
15000492 34200 0 B00010000492
15000328 34200 0 B00010000328
15000985 34200 0 B00010000985
15000955 34200 0 B00010000955
15000833 34200 0 B00010000833
15000586 34200 0 B00010000586
15000449 34200 0 B00010000449
15000204 34200 0 B00010000204
15000271 34200 0 B00010000271
15000363 34200 0 B00010000363
15000794 34200 0 B00010000794
15000812 34200 0 B00010000812
15000689 34200 0 B00010000689
15000064 34200 0 B00010000064
15000087 34200 0 B00010000087
15000552 34200 0 B00010000552
15000914 34200 0 B00010000914
15000246 34200 0 B00010000246
15000882 34200 0 B00010000882
15000506 34200 0 B00010000506
15000412 34200 0 B00010000412
15000395 34200 0 B00010000395
15000709 34200 0 B00010000709
15000424 34200 0 B00010000424
15000643 34200 0 B00010000643
15000687 34200 0 B00010000687
15000415 34200 0 B00010000415
15000580 34200 0 B00010000580
15000093 34200 0 B00010000093
15000695 34200 0 B00010000695
15000057 34200 0 B00010000057
15000995 34200 0 B00010000995
15000635 34200 0 B00010000635
15000359 34200 0 B00010000359
15000268 34200 0 B00010000268
15000309 34200 0 B00010000309
15000971 34200 0 B00010000971
15000903 34200 0 B00010000903
15000849 34200 0 B00010000849
15000989 34200 0 B00010000989
15000015 34200 0 B00010000015
15000632 34200 0 B00010000632
15000810 34200 0 B00010000810
15000953 34200 0 B00010000953
15000843 34200 0 B00010000843
15000650 34200 0 B00010000650
15000211 34200 0 B00010000211
15000144 34200 0 B00010000144
15000369 34200 0 B00010000369
15000636 34200 0 B00010000636
15000188 34200 0 B00010000188
15000438 34200 0 B00010000438
15000111 34200 0 B00010000111
15000992 34200 0 B00010000992
15000852 34200 0 B00010000852
15000267 34200 0 B00010000267
15000918 34200 0 B00010000918
15000682 34200 0 B00010000682
15000060 34200 0 B00010000060
15000131 34200 0 B00010000131
15000588 34200 0 B00010000588
15000878 34200 0 B00010000878
15000318 34200 0 B00010000318
15000248 34200 0 B00010000248
15000698 34200 0 B00010000698
15000072 34200 0 B00010000072
15000984 34200 0 B00010000984
15000671 34200 0 B00010000671
15000075 34200 0 B00010000075
15000701 34200 0 B00010000701
15000483 34200 0 B00010000483
15000583 34200 0 B00010000583
15000612 34200 0 B00010000612
15000183 34200 0 B00010000183
15000999 34200 0 B00010000999
15000422 34200 0 B00010000422
15000234 34200 0 B00010000234
15000444 34200 0 B00010000444
15000939 34200 0 B00010000939
15000319 34200 0 B00010000319
15000628 34200 0 B00010000628
15000768 34200 0 B00010000768
15000189 34200 0 B00010000189
15000117 34200 0 B00010000117
15000590 34200 0 B00010000590
15000532 34200 0 B00010000532
15000736 34200 0 B00010000736
15000888 34200 0 B00010000888
15000855 34200 0 B00010000855
15000195 34200 0 B00010000195
15000159 34200 0 B00010000159
15000584 34200 0 B00010000584
15000086 34200 0 B00010000086
15000957 34200 0 B00010000957
15000934 34200 0 B00010000934
15000747 34200 0 B00010000747
15000038 34200 0 B00010000038
15000577 34200 0 B00010000577
15000026 34200 0 B00010000026
15000659 34200 0 B00010000659
15000615 34200 0 B00010000615
15000982 34200 0 B00010000982
15000966 34200 0 B00010000966
15000749 34200 0 B00010000749
15000759 34200 0 B00010000759
15000726 34200 0 B00010000726
15000047 34200 0 B00010000047
15000089 34200 0 B00010000089
15000614 34200 0 B00010000614
15000594 34200 0 B00010000594
15000640 34200 0 B00010000640
15000926 34200 0 B00010000926
15000235 34200 0 B00010000235
15000642 34200 0 B00010000642
15000355 34200 0 B00010000355
15000710 34200 0 B00010000710
15000573 34200 0 B00010000573
15000837 34200 0 B00010000837
15000814 34200 0 B00010000814
15000455 34200 0 B00010000455
15000730 34200 0 B00010000730
15000392 34200 0 B00010000392
15000853 34200 0 B00010000853
15000458 34200 0 B00010000458
15000519 34200 0 B00010000519
15000527 34200 0 B00010000527
15000164 34200 0 B00010000164
15000176 34200 0 B00010000176
15000481 34200 0 B00010000481
15000121 34200 0 B00010000121
15000003 34200 0 B00010000003
15000946 34200 0 B00010000946
15000732 34200 0 B00010000732
15000633 34200 0 B00010000633
15000937 34200 0 B00010000937
15000233 34200 0 B00010000233
15000470 34200 0 B00010000470
15000890 34200 0 B00010000890
15000372 34200 0 B00010000372
15000448 34200 0 B00010000448
15000031 34200 0 B00010000031
15000666 34200 0 B00010000666
15000662 34200 0 B00010000662
15000314 34200 0 B00010000314
15000055 34200 0 B00010000055
